date,path,title,count,uniques
2023-05-31,/astrochun/github-stats,GitHub - astrochun/github-stats: My GitHub stats,4,2
2023-05-31,/astrochun/github-stats/blob/main/README.md,github-stats/README.md at main · astrochun/github-stats · GitHub,1,1
2023-05-31,/astrochun/github-stats/commits/main,Commits · astrochun/github-stats · GitHub,1,1
2023-05-31,/astrochun/github-stats-pages,astrochun/github-stats-pages: Retrieve statistics for a user's repositories a...,8,8
2023-05-31,/astrochun/tep-usage-analysis,astrochun/tep-usage-analysis: Analyze TEP usage,1,1
2023-05-31,/astrochun/uarizona-salary-app,GitHub - astrochun/uarizona-salary-app: Streamlit app to illustrate Universit...,1,1
